346215.657787
346215.664492
346215.671380
346215.678308
346215.685286
346215.692345
346215.699202
346215.706137
346215.713058
346215.719973
346215.726908
346215.733953
346215.740827
346215.747798
346215.754745
346215.761689
346215.768586
346215.775485
346215.782438
346215.789493
346215.796809
346215.803444
346215.810224
346215.817194
346215.824159
346215.831093
346215.838027
346215.845054
346215.851952
346215.858876
346215.865804
346215.872791
346215.879671
346215.886668
346215.893623
346215.900623
346215.907520
346215.914468
346215.921460
346215.928274
346215.935303
346215.942288
346215.949154
346215.956277
346215.963197
346215.969911
346215.976967
346215.984034
346215.990930
346215.997787
346216.004797
346216.011686
346216.018648
346216.025558
346216.032506
346216.039403
346216.046460
346216.053544
346216.060283
346216.067486
346216.074161
346216.081173
346216.088023
346216.094974
346216.102051
346216.109127
346216.115854
346216.122681
346216.129960
346216.136955
346216.143661
346216.150571
346216.157538
346216.164445
346216.171398
346216.178368
346216.185307
346216.192263
346216.199181
346216.206098
346216.213056
346216.219904
346216.226964
346216.234009
346216.240883
346216.247763
346216.254748
346216.261686
346216.268647
346216.275530
346216.282544
346216.289459
346216.296478
346216.303367
346216.310297
346216.317301
346216.324170
346216.331074
346216.338095
346216.344967
346216.351991
346216.358999
346216.365899
346216.372763
346216.379704
346216.386778
346216.393649
346216.400565
346216.407534
346216.414459
346216.421459
346216.428529
346216.435299
346216.442240
346216.449219
346216.456066
346216.463056
346216.470155
346216.476965
346216.483905
346216.490869
346216.497767
346216.504619
346216.511816
346216.518579
346216.525554
346216.532501
346216.539494
346216.546497
346216.553308
346216.560353
346216.567380
346216.574443
346216.582833
346216.589843
346216.596355
346216.603157
346216.610552
346216.617391
346216.624629
346216.629741
346216.636787
346216.643666
346216.650656
346216.657670
346216.664481
346216.671525
346216.678489
346216.685272
346216.692294
346216.699207
346216.706324
346216.713309
346216.720480
346216.727016
346216.734125
346216.740834
346216.748013
346216.755010
346216.762252
346216.768614
346216.775557
346216.782451
346216.789474
346216.796351
346216.803305
346216.810541
346216.817214
346216.824130
346216.831096
346216.838061
346216.844965
346216.851961
346216.859002
346216.865922
346216.872779
346216.879725
346216.886716
346216.893621
346216.900668
346216.907668
346216.914501
346216.921343
346216.928392
346216.935320
346216.944974
346216.949205
346216.956246
346216.963785
346216.970016
346216.977047
346216.983897
346216.990801
346216.997782
346217.004797
346217.011616
346217.018630
346217.025642
346217.032528
346217.039461
346217.046407
346217.053899
346217.060340
346217.067358
346217.074152
346217.081172
346217.088260
346217.094969
346217.101979
346217.108900
346217.115881
346217.122748
346217.129700
346217.136628
346217.143662
346217.150817
346217.157462
346217.164476
346217.171391
346217.178390
346217.185303
346217.192263
346217.199137
346217.206147
346217.213104
346217.220010
346217.226960
346217.233927
346217.240822
346217.247773
346217.254739
346217.261753
346217.268574
346217.275558
346217.282497
346217.289518
346217.296423
346217.303355
346217.310259
346217.317231
346217.324113
346217.331129
346217.338040
346217.345008
346217.352002
346217.360761
346217.365856
346217.374097
346217.379739
346217.386637
346217.394960
346217.401821
346217.407535
346217.414477
346217.422582
346217.428353
346217.435282
346217.443381
346217.449197
346217.456154
346217.463253
346217.471124
346217.477007
346217.484956
346217.491007
346217.497813
346217.504786
346217.512842
346217.520125
346217.525530
346217.533615
346217.541287
346217.546372
346217.553369
346217.561432
346217.567275
346217.575480
346217.581147
346217.589360
346217.594999
346217.601951
346217.610116
346217.615823
346217.622933
346217.630798
346217.636661
346217.643665
346217.651724
346217.657515
346217.664441
346217.671385
346217.679422
346217.685355
346217.692336
346217.699101
346217.706120
346217.713079
346217.720048
346217.726969
346217.733881
346217.740854
346217.747782
346217.754733
346217.761641
346217.768704
346217.775540
346217.782548
346217.789456
346217.796348
346217.803371
346217.810312
346217.817260
346217.824146
346217.831103
346217.838136
346217.845008
346217.851948
346217.858885
